-0  -0  -0  -0  -0.0038533  -0  -0  -0  -0  
0  0  0.0286144  0.033804  0.0357351  0.033804  0.0286144  0  0  
-0  -0.033636  -0.044406  -0.0524595  -0.0554564  -0.0524595  -0.044406  -0.033636  -0  
-0  -0.065514  -0.0864911  -0.102177  -0.108014  -0.102177  -0.0864911  -0.065514  -0  
0.108554  0.160154  0.211434  0.249779  0.264049  0.249779  0.211434  0.160154  0.108554  
-0  -0.065514  -0.0864911  -0.102177  -0.108014  -0.102177  -0.0864911  -0.065514  -0  
-0  -0.033636  -0.044406  -0.0524595  -0.0554564  -0.0524595  -0.044406  -0.033636  -0  
0  0  0.0286144  0.033804  0.0357351  0.033804  0.0286144  0  0  
-0  -0  -0  -0  -0.0038533  -0  -0  -0  -0  



0  -0  -0  0  0.0267736  -0  -0  0  0  
-0  -0  0.00686818  0.0373655  -0.0208365  -0.108366  0.00980719  0  0  
-0  0.00686818  0.0417567  -0.0260216  -0.151237  0.0152955  0.169303  0.00980719  -0  
0  0.0373655  -0.0260216  -0.169011  0.0191018  0.236281  0.0152955  -0.108366  -0  
0.0267736  -0.0208365  -0.151237  0.0191018  0.264049  0.0191018  -0.151237  -0.0208365  0.0267736  
-0  -0.108366  0.0152955  0.236281  0.0191018  -0.169011  -0.0260216  0.0373655  0  
-0  0.00980719  0.169303  0.0152955  -0.151237  -0.0260216  0.0417567  0.00686818  -0  
0  0  0.00980719  -0.108366  -0.0208365  0.0373655  0.00686818  -0  -0  
0  0  -0  -0  0.0267736  0  -0  -0  0  



-0  0  -0  -0  0.108554  -0  -0  0  -0  
-0  0  -0.033636  -0.065514  0.160154  -0.065514  -0.033636  0  -0  
-0  0.0286144  -0.044406  -0.0864911  0.211434  -0.0864911  -0.044406  0.0286144  -0  
-0  0.033804  -0.0524595  -0.102177  0.249779  -0.102177  -0.0524595  0.033804  -0  
-0.0038533  0.0357351  -0.0554564  -0.108014  0.264049  -0.108014  -0.0554564  0.0357351  -0.0038533  
-0  0.033804  -0.0524595  -0.102177  0.249779  -0.102177  -0.0524595  0.033804  -0  
-0  0.0286144  -0.044406  -0.0864911  0.211434  -0.0864911  -0.044406  0.0286144  -0  
-0  0  -0.033636  -0.065514  0.160154  -0.065514  -0.033636  0  -0  
-0  0  -0  -0  0.108554  -0  -0  0  -0  



0  0  -0  -0  0.0267736  0  -0  -0  0  
0  0  0.00980719  -0.108366  -0.0208365  0.0373655  0.00686818  -0  -0  
-0  0.00980719  0.169303  0.0152955  -0.151237  -0.0260216  0.0417567  0.00686818  -0  
-0  -0.108366  0.0152955  0.236281  0.0191018  -0.169011  -0.0260216  0.0373655  0  
0.0267736  -0.0208365  -0.151237  0.0191018  0.264049  0.0191018  -0.151237  -0.0208365  0.0267736  
0  0.0373655  -0.0260216  -0.169011  0.0191018  0.236281  0.0152955  -0.108366  -0  
-0  0.00686818  0.0417567  -0.0260216  -0.151237  0.0152955  0.169303  0.00980719  -0  
-0  -0  0.00686818  0.0373655  -0.0208365  -0.108366  0.00980719  0  0  
0  -0  -0  0  0.0267736  -0  -0  0  0  



